ID	RES	CC_CLASS	OligoState	Pi	Pa	Pb	Pc	Pd	Pe	Pf	Pg	PH	POligo
sp|Q6ZNE5|BAKOR_HUMAN	M	i	i	0.99	0.0	0.0	0.0	0.0	0.0	0.0	0.0	0.0	0.0
sp|Q6ZNE5|BAKOR_HUMAN	A	i	i	1.0	0.0	0.0	0.0	0.0	0.0	0.0	0.0	0.0	0.0
sp|Q6ZNE5|BAKOR_HUMAN	S	i	i	1.0	0.0	0.0	0.0	0.0	0.0	0.0	0.0	0.0	0.0
sp|Q6ZNE5|BAKOR_HUMAN	P	i	i	1.0	0.0	0.0	0.0	0.0	0.0	0.0	0.0	0.0	0.0
sp|Q6ZNE5|BAKOR_HUMAN	S	i	i	1.0	0.0	0.0	0.0	0.0	0.0	0.0	0.0	0.0	0.0
sp|Q6ZNE5|BAKOR_HUMAN	G	i	i	1.0	0.0	0.0	0.0	0.0	0.0	0.0	0.0	0.0	0.0
sp|Q6ZNE5|BAKOR_HUMAN	K	i	i	1.0	0.0	0.0	0.0	0.0	0.0	0.0	0.0	0.0	0.0
sp|Q6ZNE5|BAKOR_HUMAN	G	i	i	0.99	0.0	0.0	0.0	0.0	0.0	0.0	0.0	0.0	0.0
sp|Q6ZNE5|BAKOR_HUMAN	A	i	i	0.99	0.0	0.0	0.0	0.0	0.0	0.0	0.0	0.0	0.0
sp|Q6ZNE5|BAKOR_HUMAN	R	i	i	0.99	0.0	0.0	0.0	0.0	0.0	0.0	0.0	0.0	0.0
sp|Q6ZNE5|BAKOR_HUMAN	A	i	i	0.99	0.0	0.0	0.0	0.0	0.0	0.0	0.0	0.0	0.0
sp|Q6ZNE5|BAKOR_HUMAN	L	i	i	0.99	0.0	0.0	0.0	0.0	0.0	0.0	0.0	0.0	0.0
sp|Q6ZNE5|BAKOR_HUMAN	E	i	i	0.99	0.0	0.0	0.0	0.0	0.0	0.0	0.0	0.0	0.0
sp|Q6ZNE5|BAKOR_HUMAN	A	i	i	0.99	0.0	0.0	0.0	0.0	0.0	0.0	0.0	0.0	0.0
sp|Q6ZNE5|BAKOR_HUMAN	P	i	i	0.99	0.0	0.0	0.0	0.0	0.0	0.0	0.0	0.0	0.0
sp|Q6ZNE5|BAKOR_HUMAN	G	i	i	0.99	0.0	0.0	0.0	0.0	0.0	0.0	0.0	0.0	0.0
sp|Q6ZNE5|BAKOR_HUMAN	C	i	i	0.99	0.0	0.0	0.0	0.0	0.0	0.0	0.0	0.0	0.0
sp|Q6ZNE5|BAKOR_HUMAN	G	i	i	0.99	0.0	0.0	0.0	0.0	0.0	0.0	0.0	0.0	0.0
sp|Q6ZNE5|BAKOR_HUMAN	P	i	i	0.99	0.0	0.0	0.0	0.0	0.0	0.0	0.0	0.0	0.0
sp|Q6ZNE5|BAKOR_HUMAN	R	i	i	0.99	0.0	0.0	0.0	0.0	0.0	0.0	0.0	0.0	0.0
sp|Q6ZNE5|BAKOR_HUMAN	P	i	i	0.99	0.0	0.0	0.0	0.0	0.0	0.0	0.0	0.0	0.0
sp|Q6ZNE5|BAKOR_HUMAN	L	i	i	0.99	0.0	0.0	0.0	0.0	0.0	0.0	0.0	0.0	0.0
sp|Q6ZNE5|BAKOR_HUMAN	A	i	i	0.99	0.0	0.0	0.0	0.0	0.0	0.0	0.0	0.0	0.0
sp|Q6ZNE5|BAKOR_HUMAN	R	i	i	0.99	0.0	0.0	0.0	0.0	0.0	0.0	0.0	0.0	0.0
sp|Q6ZNE5|BAKOR_HUMAN	D	i	i	0.99	0.0	0.0	0.0	0.0	0.0	0.0	0.0	0.0	0.0
sp|Q6ZNE5|BAKOR_HUMAN	L	i	i	0.99	0.0	0.0	0.0	0.0	0.0	0.0	0.0	0.0	0.0
sp|Q6ZNE5|BAKOR_HUMAN	V	i	i	0.99	0.0	0.0	0.0	0.0	0.0	0.0	0.0	0.0	0.0
sp|Q6ZNE5|BAKOR_HUMAN	D	i	i	0.99	0.0	0.0	0.0	0.0	0.0	0.0	0.0	0.0	0.0
sp|Q6ZNE5|BAKOR_HUMAN	S	i	i	0.99	0.0	0.0	0.0	0.0	0.0	0.0	0.0	0.0	0.0
sp|Q6ZNE5|BAKOR_HUMAN	V	i	i	0.99	0.0	0.0	0.0	0.0	0.0	0.0	0.0	0.0	0.0
sp|Q6ZNE5|BAKOR_HUMAN	D	i	i	0.99	0.0	0.0	0.0	0.0	0.0	0.0	0.0	0.0	0.0
sp|Q6ZNE5|BAKOR_HUMAN	D	i	i	0.99	0.0	0.0	0.0	0.0	0.0	0.0	0.0	0.0	0.0
sp|Q6ZNE5|BAKOR_HUMAN	A	i	i	0.99	0.0	0.0	0.0	0.0	0.0	0.0	0.0	0.0	0.0
sp|Q6ZNE5|BAKOR_HUMAN	E	i	i	0.99	0.0	0.0	0.0	0.0	0.0	0.0	0.0	0.0	0.0
sp|Q6ZNE5|BAKOR_HUMAN	G	i	i	0.99	0.0	0.0	0.0	0.0	0.0	0.0	0.0	0.0	0.0
sp|Q6ZNE5|BAKOR_HUMAN	L	i	i	0.99	0.0	0.0	0.0	0.0	0.0	0.0	0.0	0.0	0.0
sp|Q6ZNE5|BAKOR_HUMAN	Y	i	i	0.99	0.0	0.0	0.0	0.0	0.0	0.0	0.0	0.0	0.0
sp|Q6ZNE5|BAKOR_HUMAN	V	i	i	0.99	0.0	0.0	0.0	0.0	0.0	0.0	0.0	0.0	0.0
sp|Q6ZNE5|BAKOR_HUMAN	A	i	i	0.99	0.0	0.0	0.0	0.0	0.0	0.0	0.0	0.0	0.0
sp|Q6ZNE5|BAKOR_HUMAN	V	i	i	0.99	0.0	0.0	0.0	0.0	0.0	0.0	0.0	0.0	0.0
sp|Q6ZNE5|BAKOR_HUMAN	E	i	i	0.99	0.0	0.0	0.0	0.0	0.0	0.0	0.0	0.0	0.0
sp|Q6ZNE5|BAKOR_HUMAN	R	i	i	0.99	0.0	0.0	0.0	0.0	0.0	0.0	0.0	0.0	0.0
sp|Q6ZNE5|BAKOR_HUMAN	C	i	i	0.99	0.0	0.0	0.0	0.0	0.0	0.0	0.0	0.0	0.0
sp|Q6ZNE5|BAKOR_HUMAN	P	i	i	0.99	0.0	0.0	0.0	0.0	0.0	0.0	0.0	0.0	0.0
sp|Q6ZNE5|BAKOR_HUMAN	L	i	i	0.99	0.0	0.0	0.0	0.0	0.0	0.0	0.0	0.0	0.0
sp|Q6ZNE5|BAKOR_HUMAN	C	i	i	0.99	0.0	0.0	0.0	0.0	0.0	0.0	0.0	0.0	0.0
sp|Q6ZNE5|BAKOR_HUMAN	N	i	i	0.99	0.0	0.0	0.0	0.0	0.0	0.0	0.0	0.0	0.0
sp|Q6ZNE5|BAKOR_HUMAN	T	i	i	0.99	0.0	0.0	0.0	0.0	0.0	0.0	0.0	0.0	0.0
sp|Q6ZNE5|BAKOR_HUMAN	T	i	i	0.99	0.0	0.0	0.0	0.0	0.0	0.0	0.0	0.0	0.0
sp|Q6ZNE5|BAKOR_HUMAN	R	i	i	0.99	0.0	0.0	0.0	0.0	0.0	0.0	0.0	0.0	0.0
sp|Q6ZNE5|BAKOR_HUMAN	R	i	i	0.99	0.0	0.0	0.0	0.0	0.0	0.0	0.0	0.0	0.0
sp|Q6ZNE5|BAKOR_HUMAN	R	i	i	0.99	0.0	0.0	0.0	0.0	0.0	0.0	0.0	0.0	0.0
sp|Q6ZNE5|BAKOR_HUMAN	L	i	i	0.99	0.0	0.0	0.0	0.0	0.0	0.0	0.0	0.0	0.0
sp|Q6ZNE5|BAKOR_HUMAN	T	i	i	0.99	0.0	0.0	0.0	0.0	0.0	0.0	0.0	0.0	0.0
sp|Q6ZNE5|BAKOR_HUMAN	C	i	i	0.99	0.0	0.0	0.0	0.0	0.0	0.0	0.0	0.0	0.0
sp|Q6ZNE5|BAKOR_HUMAN	A	i	i	0.99	0.0	0.0	0.0	0.0	0.0	0.0	0.0	0.0	0.0
sp|Q6ZNE5|BAKOR_HUMAN	K	i	i	0.99	0.0	0.0	0.0	0.0	0.0	0.0	0.0	0.0	0.0
sp|Q6ZNE5|BAKOR_HUMAN	C	i	i	0.99	0.0	0.0	0.0	0.0	0.0	0.0	0.0	0.0	0.0
sp|Q6ZNE5|BAKOR_HUMAN	V	i	i	0.99	0.0	0.0	0.0	0.0	0.0	0.0	0.0	0.0	0.0
sp|Q6ZNE5|BAKOR_HUMAN	Q	i	i	0.99	0.0	0.0	0.0	0.0	0.0	0.0	0.0	0.0	0.0
sp|Q6ZNE5|BAKOR_HUMAN	S	i	i	0.99	0.0	0.0	0.0	0.0	0.0	0.0	0.0	0.0	0.0
sp|Q6ZNE5|BAKOR_HUMAN	G	i	i	0.99	0.0	0.0	0.0	0.0	0.0	0.0	0.0	0.0	0.0
sp|Q6ZNE5|BAKOR_HUMAN	D	i	i	0.99	0.0	0.0	0.0	0.0	0.0	0.0	0.0	0.0	0.0
sp|Q6ZNE5|BAKOR_HUMAN	F	i	i	0.99	0.0	0.0	0.0	0.0	0.0	0.0	0.0	0.0	0.0
sp|Q6ZNE5|BAKOR_HUMAN	V	i	i	0.99	0.0	0.0	0.0	0.0	0.0	0.0	0.0	0.0	0.0
sp|Q6ZNE5|BAKOR_HUMAN	Y	i	i	0.99	0.0	0.0	0.0	0.0	0.0	0.0	0.0	0.0	0.0
sp|Q6ZNE5|BAKOR_HUMAN	F	i	i	0.99	0.0	0.0	0.0	0.0	0.0	0.0	0.0	0.0	0.0
sp|Q6ZNE5|BAKOR_HUMAN	D	i	i	0.98	0.01	0.0	0.0	0.0	0.0	0.0	0.0	0.0	0.0
sp|Q6ZNE5|BAKOR_HUMAN	G	i	i	0.98	0.0	0.01	0.0	0.0	0.0	0.0	0.0	0.0	0.0
sp|Q6ZNE5|BAKOR_HUMAN	R	i	i	0.97	0.0	0.0	0.02	0.0	0.0	0.0	0.01	0.0	0.0
sp|Q6ZNE5|BAKOR_HUMAN	D	i	i	0.94	0.02	0.0	0.0	0.04	0.0	0.0	0.0	0.0	0.0
sp|Q6ZNE5|BAKOR_HUMAN	R	i	i	0.92	0.0	0.02	0.0	0.0	0.05	0.0	0.0	0.0	0.0
sp|Q6ZNE5|BAKOR_HUMAN	E	i	i	0.88	0.0	0.0	0.03	0.0	0.0	0.08	0.0	0.0	0.0
sp|Q6ZNE5|BAKOR_HUMAN	R	i	i	0.78	0.0	0.0	0.0	0.07	0.0	0.0	0.15	0.0	0.0
sp|Q6ZNE5|BAKOR_HUMAN	F	a	P	0.47	0.52	0.0	0.0	0.0	0.0	0.0	0.0	0.0	0.7226075
sp|Q6ZNE5|BAKOR_HUMAN	I	b	P	0.4	0.0	0.58	0.0	0.0	0.0	0.01	0.0	0.0	0.7226075
sp|Q6ZNE5|BAKOR_HUMAN	D	c	P	0.33	0.0	0.0	0.65	0.0	0.0	0.0	0.02	0.0	0.7226075
sp|Q6ZNE5|BAKOR_HUMAN	K	d	P	0.17	0.01	0.0	0.0	0.82	0.0	0.0	0.0	0.0	0.7226075
sp|Q6ZNE5|BAKOR_HUMAN	K	e	P	0.13	0.0	0.02	0.0	0.0	0.85	0.0	0.0	0.0	0.7226075
sp|Q6ZNE5|BAKOR_HUMAN	E	f	P	0.09	0.0	0.0	0.02	0.0	0.0	0.89	0.0	0.0	0.7226075
sp|Q6ZNE5|BAKOR_HUMAN	R	g	P	0.06	0.0	0.0	0.0	0.03	0.0	0.0	0.91	0.0	0.7226075
sp|Q6ZNE5|BAKOR_HUMAN	L	a	P	0.02	0.98	0.0	0.0	0.0	0.0	0.0	0.0	0.0	0.7226075
sp|Q6ZNE5|BAKOR_HUMAN	S	b	P	0.02	0.0	0.98	0.0	0.0	0.0	0.0	0.0	0.0	0.7226075
sp|Q6ZNE5|BAKOR_HUMAN	R	c	P	0.01	0.0	0.0	0.98	0.0	0.0	0.0	0.0	0.0	0.7226075
sp|Q6ZNE5|BAKOR_HUMAN	L	d	P	0.01	0.0	0.0	0.0	0.99	0.0	0.0	0.0	0.0	0.7226075
sp|Q6ZNE5|BAKOR_HUMAN	K	e	P	0.02	0.0	0.0	0.0	0.0	0.98	0.0	0.0	0.0	0.7226075
sp|Q6ZNE5|BAKOR_HUMAN	S	f	P	0.02	0.0	0.0	0.0	0.0	0.0	0.98	0.0	0.0	0.7226075
sp|Q6ZNE5|BAKOR_HUMAN	K	g	P	0.02	0.0	0.0	0.0	0.0	0.0	0.0	0.98	0.0	0.7226075
sp|Q6ZNE5|BAKOR_HUMAN	Q	a	P	0.02	0.98	0.0	0.0	0.0	0.0	0.0	0.0	0.0	0.7226075
sp|Q6ZNE5|BAKOR_HUMAN	E	b	P	0.05	0.0	0.94	0.0	0.0	0.0	0.0	0.0	0.0	0.7226075
sp|Q6ZNE5|BAKOR_HUMAN	E	c	P	0.07	0.0	0.0	0.92	0.0	0.0	0.0	0.0	0.0	0.7226075
sp|Q6ZNE5|BAKOR_HUMAN	F	d	P	0.1	0.01	0.0	0.0	0.88	0.0	0.0	0.0	0.0	0.7226075
sp|Q6ZNE5|BAKOR_HUMAN	Q	e	P	0.27	0.09	0.01	0.0	0.0	0.61	0.0	0.0	0.01	0.7226075
sp|Q6ZNE5|BAKOR_HUMAN	K	f	P	0.35	0.0	0.05	0.02	0.0	0.0	0.56	0.01	0.02	0.7226075
sp|Q6ZNE5|BAKOR_HUMAN	E	g	P	0.39	0.01	0.0	0.04	0.03	0.0	0.0	0.52	0.01	0.7226075
sp|Q6ZNE5|BAKOR_HUMAN	V	a	P	0.41	0.47	0.02	0.0	0.05	0.04	0.0	0.0	0.02	0.7226075
sp|Q6ZNE5|BAKOR_HUMAN	L	i	i	0.51	0.01	0.3	0.02	0.0	0.01	0.05	0.0	0.1	0.0
sp|Q6ZNE5|BAKOR_HUMAN	K	i	i	0.53	0.0	0.0	0.19	0.05	0.0	0.0	0.13	0.08	0.0
sp|Q6ZNE5|BAKOR_HUMAN	A	i	i	0.52	0.29	0.0	0.0	0.16	0.0	0.0	0.0	0.02	0.0
sp|Q6ZNE5|BAKOR_HUMAN	M	i	i	0.54	0.03	0.32	0.0	0.0	0.06	0.01	0.0	0.04	0.0
sp|Q6ZNE5|BAKOR_HUMAN	E	i	i	0.53	0.0	0.01	0.37	0.0	0.0	0.03	0.01	0.04	0.0
sp|Q6ZNE5|BAKOR_HUMAN	G	d	P	0.47	0.02	0.0	0.01	0.47	0.0	0.0	0.02	0.01	0.87740266
sp|Q6ZNE5|BAKOR_HUMAN	K	e	P	0.45	0.02	0.02	0.0	0.01	0.5	0.0	0.0	0.01	0.87740266
sp|Q6ZNE5|BAKOR_HUMAN	W	f	P	0.4	0.0	0.01	0.03	0.0	0.0	0.55	0.0	0.01	0.87740266
sp|Q6ZNE5|BAKOR_HUMAN	I	g	P	0.28	0.0	0.0	0.0	0.05	0.0	0.0	0.65	0.01	0.87740266
sp|Q6ZNE5|BAKOR_HUMAN	T	a	P	0.05	0.95	0.0	0.0	0.0	0.0	0.0	0.0	0.0	0.87740266
sp|Q6ZNE5|BAKOR_HUMAN	D	b	P	0.02	0.0	0.98	0.0	0.0	0.0	0.0	0.0	0.0	0.87740266
sp|Q6ZNE5|BAKOR_HUMAN	Q	c	P	0.01	0.0	0.0	0.99	0.0	0.0	0.0	0.0	0.0	0.87740266
sp|Q6ZNE5|BAKOR_HUMAN	L	d	P	0.0	0.0	0.0	0.0	1.0	0.0	0.0	0.0	0.0	0.87740266
sp|Q6ZNE5|BAKOR_HUMAN	R	e	P	0.0	0.0	0.0	0.0	0.0	1.0	0.0	0.0	0.0	0.87740266
sp|Q6ZNE5|BAKOR_HUMAN	W	f	P	0.0	0.0	0.0	0.0	0.0	0.0	1.0	0.0	0.0	0.87740266
sp|Q6ZNE5|BAKOR_HUMAN	K	g	P	0.0	0.0	0.0	0.0	0.0	0.0	0.0	1.0	0.0	0.87740266
sp|Q6ZNE5|BAKOR_HUMAN	I	a	P	0.0	1.0	0.0	0.0	0.0	0.0	0.0	0.0	0.0	0.87740266
sp|Q6ZNE5|BAKOR_HUMAN	M	b	P	0.0	0.0	1.0	0.0	0.0	0.0	0.0	0.0	0.0	0.87740266
sp|Q6ZNE5|BAKOR_HUMAN	S	c	P	0.0	0.0	0.0	1.0	0.0	0.0	0.0	0.0	0.0	0.87740266
sp|Q6ZNE5|BAKOR_HUMAN	C	d	P	0.0	0.0	0.0	0.0	1.0	0.0	0.0	0.0	0.0	0.87740266
sp|Q6ZNE5|BAKOR_HUMAN	K	e	P	0.0	0.0	0.0	0.0	0.0	1.0	0.0	0.0	0.0	0.87740266
sp|Q6ZNE5|BAKOR_HUMAN	M	f	P	0.0	0.0	0.0	0.0	0.0	0.0	1.0	0.0	0.0	0.87740266
sp|Q6ZNE5|BAKOR_HUMAN	R	g	P	0.0	0.0	0.0	0.0	0.0	0.0	0.0	1.0	0.0	0.87740266
sp|Q6ZNE5|BAKOR_HUMAN	I	a	P	0.0	1.0	0.0	0.0	0.0	0.0	0.0	0.0	0.0	0.87740266
sp|Q6ZNE5|BAKOR_HUMAN	E	b	P	0.0	0.0	1.0	0.0	0.0	0.0	0.0	0.0	0.0	0.87740266
sp|Q6ZNE5|BAKOR_HUMAN	Q	c	P	0.0	0.0	0.0	1.0	0.0	0.0	0.0	0.0	0.0	0.87740266
sp|Q6ZNE5|BAKOR_HUMAN	L	d	P	0.0	0.0	0.0	0.0	1.0	0.0	0.0	0.0	0.0	0.87740266
sp|Q6ZNE5|BAKOR_HUMAN	K	e	P	0.0	0.0	0.0	0.0	0.0	1.0	0.0	0.0	0.0	0.87740266
sp|Q6ZNE5|BAKOR_HUMAN	Q	f	P	0.0	0.0	0.0	0.0	0.0	0.0	1.0	0.0	0.0	0.87740266
sp|Q6ZNE5|BAKOR_HUMAN	T	g	P	0.0	0.0	0.0	0.0	0.0	0.0	0.0	1.0	0.0	0.87740266
sp|Q6ZNE5|BAKOR_HUMAN	I	a	P	0.0	1.0	0.0	0.0	0.0	0.0	0.0	0.0	0.0	0.87740266
sp|Q6ZNE5|BAKOR_HUMAN	C	b	P	0.0	0.0	1.0	0.0	0.0	0.0	0.0	0.0	0.0	0.87740266
sp|Q6ZNE5|BAKOR_HUMAN	K	c	P	0.0	0.0	0.0	1.0	0.0	0.0	0.0	0.0	0.0	0.87740266
sp|Q6ZNE5|BAKOR_HUMAN	G	d	P	0.0	0.0	0.0	0.0	1.0	0.0	0.0	0.0	0.0	0.87740266
sp|Q6ZNE5|BAKOR_HUMAN	N	e	P	0.0	0.0	0.0	0.0	0.0	1.0	0.0	0.0	0.0	0.87740266
sp|Q6ZNE5|BAKOR_HUMAN	E	f	P	0.0	0.0	0.0	0.0	0.0	0.0	1.0	0.0	0.0	0.87740266
sp|Q6ZNE5|BAKOR_HUMAN	E	g	P	0.0	0.0	0.0	0.0	0.0	0.0	0.0	1.0	0.0	0.87740266
sp|Q6ZNE5|BAKOR_HUMAN	M	a	P	0.0	1.0	0.0	0.0	0.0	0.0	0.0	0.0	0.0	0.87740266
sp|Q6ZNE5|BAKOR_HUMAN	E	b	P	0.0	0.0	1.0	0.0	0.0	0.0	0.0	0.0	0.0	0.87740266
sp|Q6ZNE5|BAKOR_HUMAN	K	c	P	0.0	0.0	0.0	1.0	0.0	0.0	0.0	0.0	0.0	0.87740266
sp|Q6ZNE5|BAKOR_HUMAN	N	d	P	0.0	0.0	0.0	0.0	1.0	0.0	0.0	0.0	0.0	0.87740266
sp|Q6ZNE5|BAKOR_HUMAN	S	e	P	0.0	0.0	0.0	0.0	0.0	1.0	0.0	0.0	0.0	0.87740266
sp|Q6ZNE5|BAKOR_HUMAN	E	f	P	0.0	0.0	0.0	0.0	0.0	0.0	1.0	0.0	0.0	0.87740266
sp|Q6ZNE5|BAKOR_HUMAN	G	g	P	0.0	0.0	0.0	0.0	0.0	0.0	0.0	1.0	0.0	0.87740266
sp|Q6ZNE5|BAKOR_HUMAN	L	a	P	0.0	1.0	0.0	0.0	0.0	0.0	0.0	0.0	0.0	0.87740266
sp|Q6ZNE5|BAKOR_HUMAN	L	b	P	0.0	0.0	1.0	0.0	0.0	0.0	0.0	0.0	0.0	0.87740266
sp|Q6ZNE5|BAKOR_HUMAN	K	c	P	0.0	0.0	0.0	1.0	0.0	0.0	0.0	0.0	0.0	0.87740266
sp|Q6ZNE5|BAKOR_HUMAN	T	d	P	0.0	0.0	0.0	0.0	1.0	0.0	0.0	0.0	0.0	0.87740266
sp|Q6ZNE5|BAKOR_HUMAN	K	e	P	0.0	0.0	0.0	0.0	0.0	1.0	0.0	0.0	0.0	0.87740266
sp|Q6ZNE5|BAKOR_HUMAN	E	f	P	0.0	0.0	0.0	0.0	0.0	0.0	1.0	0.0	0.0	0.87740266
sp|Q6ZNE5|BAKOR_HUMAN	K	g	P	0.0	0.0	0.0	0.0	0.0	0.0	0.0	1.0	0.0	0.87740266
sp|Q6ZNE5|BAKOR_HUMAN	N	a	P	0.0	1.0	0.0	0.0	0.0	0.0	0.0	0.0	0.0	0.87740266
sp|Q6ZNE5|BAKOR_HUMAN	Q	b	P	0.0	0.0	1.0	0.0	0.0	0.0	0.0	0.0	0.0	0.87740266
sp|Q6ZNE5|BAKOR_HUMAN	K	c	P	0.0	0.0	0.0	1.0	0.0	0.0	0.0	0.0	0.0	0.87740266
sp|Q6ZNE5|BAKOR_HUMAN	L	d	P	0.0	0.0	0.0	0.0	1.0	0.0	0.0	0.0	0.0	0.87740266
sp|Q6ZNE5|BAKOR_HUMAN	Y	e	P	0.0	0.0	0.0	0.0	0.0	1.0	0.0	0.0	0.0	0.87740266
sp|Q6ZNE5|BAKOR_HUMAN	S	f	P	0.0	0.0	0.0	0.0	0.0	0.0	1.0	0.0	0.0	0.87740266
sp|Q6ZNE5|BAKOR_HUMAN	R	g	P	0.0	0.0	0.0	0.0	0.0	0.0	0.0	1.0	0.0	0.87740266
sp|Q6ZNE5|BAKOR_HUMAN	A	a	P	0.0	1.0	0.0	0.0	0.0	0.0	0.0	0.0	0.0	0.87740266
sp|Q6ZNE5|BAKOR_HUMAN	Q	b	P	0.0	0.0	1.0	0.0	0.0	0.0	0.0	0.0	0.0	0.87740266
sp|Q6ZNE5|BAKOR_HUMAN	R	c	P	0.0	0.0	0.0	1.0	0.0	0.0	0.0	0.0	0.0	0.87740266
sp|Q6ZNE5|BAKOR_HUMAN	H	d	P	0.0	0.0	0.0	0.0	1.0	0.0	0.0	0.0	0.0	0.87740266
sp|Q6ZNE5|BAKOR_HUMAN	Q	e	P	0.0	0.0	0.0	0.0	0.0	1.0	0.0	0.0	0.0	0.87740266
sp|Q6ZNE5|BAKOR_HUMAN	E	f	P	0.0	0.0	0.0	0.0	0.0	0.0	1.0	0.0	0.0	0.87740266
sp|Q6ZNE5|BAKOR_HUMAN	K	g	P	0.0	0.0	0.0	0.0	0.0	0.0	0.0	1.0	0.0	0.87740266
sp|Q6ZNE5|BAKOR_HUMAN	K	a	P	0.0	1.0	0.0	0.0	0.0	0.0	0.0	0.0	0.0	0.87740266
sp|Q6ZNE5|BAKOR_HUMAN	E	b	P	0.0	0.0	1.0	0.0	0.0	0.0	0.0	0.0	0.0	0.87740266
sp|Q6ZNE5|BAKOR_HUMAN	K	c	P	0.0	0.0	0.0	1.0	0.0	0.0	0.0	0.0	0.0	0.87740266
sp|Q6ZNE5|BAKOR_HUMAN	I	d	P	0.0	0.0	0.0	0.0	1.0	0.0	0.0	0.0	0.0	0.87740266
sp|Q6ZNE5|BAKOR_HUMAN	Q	e	P	0.0	0.0	0.0	0.0	0.0	1.0	0.0	0.0	0.0	0.87740266
sp|Q6ZNE5|BAKOR_HUMAN	R	f	P	0.0	0.0	0.0	0.0	0.0	0.0	1.0	0.0	0.0	0.87740266
sp|Q6ZNE5|BAKOR_HUMAN	H	g	P	0.0	0.0	0.0	0.0	0.0	0.0	0.0	1.0	0.0	0.87740266
sp|Q6ZNE5|BAKOR_HUMAN	N	a	P	0.0	1.0	0.0	0.0	0.0	0.0	0.0	0.0	0.0	0.87740266
sp|Q6ZNE5|BAKOR_HUMAN	R	b	P	0.0	0.0	1.0	0.0	0.0	0.0	0.0	0.0	0.0	0.87740266
sp|Q6ZNE5|BAKOR_HUMAN	K	c	P	0.0	0.0	0.0	1.0	0.0	0.0	0.0	0.0	0.0	0.87740266
sp|Q6ZNE5|BAKOR_HUMAN	L	d	P	0.0	0.0	0.0	0.0	1.0	0.0	0.0	0.0	0.0	0.87740266
sp|Q6ZNE5|BAKOR_HUMAN	G	e	P	0.0	0.0	0.0	0.0	0.0	1.0	0.0	0.0	0.0	0.87740266
sp|Q6ZNE5|BAKOR_HUMAN	D	f	P	0.0	0.0	0.0	0.0	0.0	0.0	1.0	0.0	0.0	0.87740266
sp|Q6ZNE5|BAKOR_HUMAN	L	g	P	0.0	0.0	0.0	0.0	0.0	0.0	0.0	1.0	0.0	0.87740266
sp|Q6ZNE5|BAKOR_HUMAN	V	a	P	0.0	1.0	0.0	0.0	0.0	0.0	0.0	0.0	0.0	0.87740266
sp|Q6ZNE5|BAKOR_HUMAN	E	b	P	0.0	0.0	1.0	0.0	0.0	0.0	0.0	0.0	0.0	0.87740266
sp|Q6ZNE5|BAKOR_HUMAN	K	c	P	0.0	0.0	0.0	1.0	0.0	0.0	0.0	0.0	0.0	0.87740266
sp|Q6ZNE5|BAKOR_HUMAN	K	d	P	0.0	0.0	0.0	0.0	1.0	0.0	0.0	0.0	0.0	0.87740266
sp|Q6ZNE5|BAKOR_HUMAN	T	e	P	0.0	0.0	0.0	0.0	0.0	1.0	0.0	0.0	0.0	0.87740266
sp|Q6ZNE5|BAKOR_HUMAN	I	f	P	0.0	0.0	0.0	0.0	0.0	0.0	1.0	0.0	0.0	0.87740266
sp|Q6ZNE5|BAKOR_HUMAN	D	g	P	0.0	0.0	0.0	0.0	0.0	0.0	0.0	1.0	0.0	0.87740266
sp|Q6ZNE5|BAKOR_HUMAN	L	a	P	0.0	1.0	0.0	0.0	0.0	0.0	0.0	0.0	0.0	0.87740266
sp|Q6ZNE5|BAKOR_HUMAN	R	b	P	0.0	0.0	1.0	0.0	0.0	0.0	0.0	0.0	0.0	0.87740266
sp|Q6ZNE5|BAKOR_HUMAN	S	c	P	0.0	0.0	0.0	1.0	0.0	0.0	0.0	0.0	0.0	0.87740266
sp|Q6ZNE5|BAKOR_HUMAN	H	d	P	0.01	0.0	0.0	0.0	0.99	0.0	0.0	0.0	0.0	0.87740266
sp|Q6ZNE5|BAKOR_HUMAN	Y	e	P	0.11	0.06	0.0	0.0	0.0	0.83	0.0	0.0	0.0	0.87740266
sp|Q6ZNE5|BAKOR_HUMAN	E	f	P	0.17	0.0	0.04	0.0	0.0	0.0	0.79	0.0	0.0	0.87740266
sp|Q6ZNE5|BAKOR_HUMAN	R	g	P	0.2	0.0	0.0	0.03	0.0	0.0	0.0	0.77	0.0	0.87740266
sp|Q6ZNE5|BAKOR_HUMAN	L	a	P	0.21	0.75	0.0	0.0	0.04	0.0	0.0	0.0	0.0	0.87740266
sp|Q6ZNE5|BAKOR_HUMAN	A	b	P	0.36	0.01	0.62	0.0	0.0	0.01	0.0	0.0	0.0	0.87740266
sp|Q6ZNE5|BAKOR_HUMAN	N	c	P	0.43	0.0	0.01	0.55	0.0	0.0	0.01	0.0	0.0	0.87740266
sp|Q6ZNE5|BAKOR_HUMAN	L	d	P	0.48	0.0	0.0	0.01	0.5	0.0	0.0	0.01	0.0	0.87740266
sp|Q6ZNE5|BAKOR_HUMAN	R	i	i	0.74	0.14	0.0	0.0	0.01	0.1	0.0	0.0	0.0	0.0
sp|Q6ZNE5|BAKOR_HUMAN	R	i	i	0.85	0.01	0.07	0.0	0.0	0.0	0.06	0.0	0.0	0.0
sp|Q6ZNE5|BAKOR_HUMAN	S	i	i	0.89	0.0	0.0	0.05	0.0	0.0	0.0	0.05	0.0	0.0
sp|Q6ZNE5|BAKOR_HUMAN	H	i	i	0.9	0.04	0.0	0.0	0.05	0.0	0.0	0.0	0.0	0.0
sp|Q6ZNE5|BAKOR_HUMAN	I	i	i	0.95	0.02	0.02	0.0	0.0	0.01	0.0	0.0	0.0	0.0
sp|Q6ZNE5|BAKOR_HUMAN	L	i	i	0.97	0.01	0.01	0.01	0.0	0.0	0.0	0.0	0.0	0.0
sp|Q6ZNE5|BAKOR_HUMAN	E	i	i	0.97	0.01	0.0	0.01	0.01	0.0	0.0	0.0	0.0	0.0
sp|Q6ZNE5|BAKOR_HUMAN	L	i	i	0.97	0.01	0.0	0.0	0.01	0.0	0.0	0.0	0.0	0.0
sp|Q6ZNE5|BAKOR_HUMAN	T	i	i	0.98	0.01	0.0	0.0	0.0	0.0	0.0	0.0	0.0	0.0
sp|Q6ZNE5|BAKOR_HUMAN	S	i	i	0.98	0.01	0.0	0.0	0.01	0.0	0.0	0.0	0.0	0.0
sp|Q6ZNE5|BAKOR_HUMAN	V	i	i	0.98	0.01	0.0	0.0	0.01	0.0	0.0	0.0	0.0	0.0
sp|Q6ZNE5|BAKOR_HUMAN	I	i	i	0.98	0.01	0.0	0.0	0.01	0.0	0.0	0.0	0.0	0.0
sp|Q6ZNE5|BAKOR_HUMAN	F	i	i	0.98	0.01	0.0	0.0	0.01	0.0	0.0	0.0	0.0	0.0
sp|Q6ZNE5|BAKOR_HUMAN	P	i	i	0.98	0.01	0.0	0.0	0.01	0.0	0.0	0.0	0.0	0.0
sp|Q6ZNE5|BAKOR_HUMAN	I	i	i	0.98	0.01	0.0	0.0	0.01	0.0	0.0	0.0	0.0	0.0
sp|Q6ZNE5|BAKOR_HUMAN	E	i	i	0.98	0.01	0.0	0.0	0.01	0.0	0.0	0.0	0.0	0.0
sp|Q6ZNE5|BAKOR_HUMAN	E	i	i	0.98	0.01	0.0	0.0	0.01	0.0	0.0	0.0	0.0	0.0
sp|Q6ZNE5|BAKOR_HUMAN	V	i	i	0.98	0.01	0.0	0.0	0.01	0.0	0.0	0.0	0.0	0.0
sp|Q6ZNE5|BAKOR_HUMAN	K	i	i	0.98	0.01	0.0	0.0	0.01	0.0	0.0	0.0	0.0	0.0
sp|Q6ZNE5|BAKOR_HUMAN	T	i	i	0.98	0.01	0.0	0.0	0.01	0.0	0.0	0.0	0.0	0.0
sp|Q6ZNE5|BAKOR_HUMAN	G	i	i	0.98	0.01	0.0	0.0	0.01	0.0	0.0	0.0	0.0	0.0
sp|Q6ZNE5|BAKOR_HUMAN	V	i	i	0.98	0.01	0.0	0.0	0.01	0.0	0.0	0.0	0.0	0.0
sp|Q6ZNE5|BAKOR_HUMAN	R	i	i	0.98	0.01	0.0	0.0	0.01	0.0	0.0	0.0	0.0	0.0
sp|Q6ZNE5|BAKOR_HUMAN	D	i	i	0.98	0.01	0.0	0.0	0.01	0.0	0.0	0.0	0.0	0.0
sp|Q6ZNE5|BAKOR_HUMAN	P	i	i	0.98	0.01	0.0	0.0	0.01	0.0	0.0	0.0	0.0	0.0
sp|Q6ZNE5|BAKOR_HUMAN	A	i	i	0.98	0.01	0.0	0.0	0.01	0.0	0.0	0.0	0.0	0.0
sp|Q6ZNE5|BAKOR_HUMAN	D	i	i	0.98	0.01	0.0	0.0	0.01	0.0	0.0	0.0	0.0	0.0
sp|Q6ZNE5|BAKOR_HUMAN	V	i	i	0.98	0.01	0.0	0.0	0.01	0.0	0.0	0.0	0.0	0.0
sp|Q6ZNE5|BAKOR_HUMAN	S	i	i	0.98	0.01	0.0	0.0	0.01	0.0	0.0	0.0	0.0	0.0
sp|Q6ZNE5|BAKOR_HUMAN	S	i	i	0.98	0.01	0.0	0.0	0.01	0.0	0.0	0.0	0.0	0.0
sp|Q6ZNE5|BAKOR_HUMAN	E	i	i	0.98	0.01	0.0	0.0	0.01	0.0	0.0	0.0	0.0	0.0
sp|Q6ZNE5|BAKOR_HUMAN	S	i	i	0.98	0.01	0.0	0.0	0.01	0.0	0.0	0.0	0.0	0.0
sp|Q6ZNE5|BAKOR_HUMAN	D	i	i	0.98	0.01	0.0	0.0	0.01	0.0	0.0	0.0	0.0	0.0
sp|Q6ZNE5|BAKOR_HUMAN	S	i	i	0.98	0.01	0.0	0.0	0.01	0.0	0.0	0.0	0.0	0.0
sp|Q6ZNE5|BAKOR_HUMAN	A	i	i	0.98	0.01	0.0	0.0	0.01	0.0	0.0	0.0	0.0	0.0
sp|Q6ZNE5|BAKOR_HUMAN	M	i	i	0.98	0.01	0.0	0.0	0.01	0.0	0.0	0.0	0.0	0.0
sp|Q6ZNE5|BAKOR_HUMAN	T	i	i	0.98	0.01	0.0	0.0	0.01	0.0	0.0	0.0	0.0	0.0
sp|Q6ZNE5|BAKOR_HUMAN	S	i	i	0.98	0.01	0.0	0.0	0.01	0.0	0.0	0.0	0.0	0.0
sp|Q6ZNE5|BAKOR_HUMAN	S	i	i	0.98	0.01	0.0	0.0	0.01	0.0	0.0	0.0	0.0	0.0
sp|Q6ZNE5|BAKOR_HUMAN	T	i	i	0.98	0.01	0.0	0.0	0.01	0.0	0.0	0.0	0.0	0.0
sp|Q6ZNE5|BAKOR_HUMAN	V	i	i	0.98	0.01	0.0	0.0	0.01	0.0	0.0	0.0	0.0	0.0
sp|Q6ZNE5|BAKOR_HUMAN	S	i	i	0.98	0.01	0.0	0.0	0.01	0.0	0.0	0.0	0.0	0.0
sp|Q6ZNE5|BAKOR_HUMAN	K	i	i	0.98	0.01	0.0	0.0	0.01	0.0	0.0	0.0	0.0	0.0
sp|Q6ZNE5|BAKOR_HUMAN	L	i	i	0.98	0.01	0.0	0.0	0.01	0.0	0.0	0.0	0.0	0.0
sp|Q6ZNE5|BAKOR_HUMAN	A	i	i	0.98	0.01	0.0	0.0	0.01	0.0	0.0	0.0	0.0	0.0
sp|Q6ZNE5|BAKOR_HUMAN	E	i	i	0.98	0.01	0.0	0.0	0.01	0.0	0.0	0.0	0.0	0.0
sp|Q6ZNE5|BAKOR_HUMAN	A	i	i	0.98	0.01	0.0	0.0	0.01	0.0	0.0	0.0	0.0	0.0
sp|Q6ZNE5|BAKOR_HUMAN	R	i	i	0.98	0.01	0.0	0.0	0.01	0.0	0.0	0.0	0.0	0.0
sp|Q6ZNE5|BAKOR_HUMAN	R	i	i	0.98	0.01	0.0	0.0	0.01	0.0	0.0	0.0	0.0	0.0
sp|Q6ZNE5|BAKOR_HUMAN	T	i	i	0.98	0.01	0.0	0.0	0.01	0.0	0.0	0.0	0.0	0.0
sp|Q6ZNE5|BAKOR_HUMAN	T	i	i	0.98	0.01	0.0	0.0	0.01	0.0	0.0	0.0	0.0	0.0
sp|Q6ZNE5|BAKOR_HUMAN	Y	i	i	0.98	0.01	0.0	0.0	0.01	0.0	0.0	0.0	0.0	0.0
sp|Q6ZNE5|BAKOR_HUMAN	L	i	i	0.98	0.01	0.0	0.0	0.01	0.0	0.0	0.0	0.0	0.0
sp|Q6ZNE5|BAKOR_HUMAN	S	i	i	0.98	0.01	0.0	0.0	0.01	0.0	0.0	0.0	0.0	0.0
sp|Q6ZNE5|BAKOR_HUMAN	G	i	i	0.98	0.01	0.0	0.0	0.01	0.0	0.0	0.0	0.0	0.0
sp|Q6ZNE5|BAKOR_HUMAN	R	i	i	0.98	0.01	0.0	0.0	0.01	0.0	0.0	0.0	0.0	0.0
sp|Q6ZNE5|BAKOR_HUMAN	W	i	i	0.98	0.01	0.0	0.0	0.01	0.0	0.0	0.0	0.0	0.0
sp|Q6ZNE5|BAKOR_HUMAN	V	i	i	0.98	0.01	0.0	0.0	0.01	0.0	0.0	0.0	0.0	0.0
sp|Q6ZNE5|BAKOR_HUMAN	C	i	i	0.98	0.01	0.0	0.0	0.01	0.0	0.0	0.0	0.0	0.0
sp|Q6ZNE5|BAKOR_HUMAN	D	i	i	0.98	0.01	0.0	0.0	0.01	0.0	0.0	0.0	0.0	0.0
sp|Q6ZNE5|BAKOR_HUMAN	D	i	i	0.98	0.01	0.0	0.0	0.01	0.0	0.0	0.0	0.0	0.0
sp|Q6ZNE5|BAKOR_HUMAN	H	i	i	0.98	0.01	0.0	0.0	0.01	0.0	0.0	0.0	0.0	0.0
sp|Q6ZNE5|BAKOR_HUMAN	N	i	i	0.98	0.01	0.0	0.0	0.01	0.0	0.0	0.0	0.0	0.0
sp|Q6ZNE5|BAKOR_HUMAN	G	i	i	0.98	0.01	0.0	0.0	0.01	0.0	0.0	0.0	0.0	0.0
sp|Q6ZNE5|BAKOR_HUMAN	D	i	i	0.98	0.01	0.0	0.0	0.01	0.0	0.0	0.0	0.0	0.0
sp|Q6ZNE5|BAKOR_HUMAN	T	i	i	0.98	0.01	0.0	0.0	0.01	0.0	0.0	0.0	0.0	0.0
sp|Q6ZNE5|BAKOR_HUMAN	S	i	i	0.98	0.01	0.0	0.0	0.01	0.0	0.0	0.0	0.0	0.0
sp|Q6ZNE5|BAKOR_HUMAN	I	i	i	0.98	0.01	0.0	0.0	0.01	0.0	0.0	0.0	0.0	0.0
sp|Q6ZNE5|BAKOR_HUMAN	S	i	i	0.98	0.01	0.0	0.0	0.01	0.0	0.0	0.0	0.0	0.0
sp|Q6ZNE5|BAKOR_HUMAN	I	i	i	0.98	0.01	0.0	0.0	0.01	0.0	0.0	0.0	0.0	0.0
sp|Q6ZNE5|BAKOR_HUMAN	T	i	i	0.98	0.01	0.0	0.0	0.01	0.0	0.0	0.0	0.0	0.0
sp|Q6ZNE5|BAKOR_HUMAN	G	i	i	0.98	0.01	0.0	0.0	0.01	0.0	0.0	0.0	0.0	0.0
sp|Q6ZNE5|BAKOR_HUMAN	P	i	i	0.98	0.01	0.0	0.0	0.01	0.0	0.0	0.0	0.0	0.0
sp|Q6ZNE5|BAKOR_HUMAN	W	i	i	0.98	0.01	0.0	0.0	0.01	0.0	0.0	0.0	0.0	0.0
sp|Q6ZNE5|BAKOR_HUMAN	I	i	i	0.98	0.01	0.0	0.0	0.01	0.0	0.0	0.0	0.0	0.0
sp|Q6ZNE5|BAKOR_HUMAN	S	i	i	0.98	0.01	0.0	0.0	0.01	0.0	0.0	0.0	0.0	0.0
sp|Q6ZNE5|BAKOR_HUMAN	L	i	i	0.98	0.01	0.0	0.0	0.01	0.0	0.0	0.0	0.0	0.0
sp|Q6ZNE5|BAKOR_HUMAN	P	i	i	0.98	0.01	0.0	0.0	0.01	0.0	0.0	0.0	0.0	0.0
sp|Q6ZNE5|BAKOR_HUMAN	N	i	i	0.98	0.01	0.0	0.0	0.01	0.0	0.0	0.0	0.0	0.0
sp|Q6ZNE5|BAKOR_HUMAN	N	i	i	0.98	0.01	0.0	0.0	0.01	0.0	0.0	0.0	0.0	0.0
sp|Q6ZNE5|BAKOR_HUMAN	G	i	i	0.98	0.01	0.0	0.0	0.01	0.0	0.0	0.0	0.0	0.0
sp|Q6ZNE5|BAKOR_HUMAN	D	i	i	0.98	0.01	0.0	0.0	0.01	0.0	0.0	0.0	0.0	0.0
sp|Q6ZNE5|BAKOR_HUMAN	Y	i	i	0.98	0.01	0.0	0.0	0.01	0.0	0.0	0.0	0.0	0.0
sp|Q6ZNE5|BAKOR_HUMAN	S	i	i	0.98	0.01	0.0	0.0	0.01	0.0	0.0	0.0	0.0	0.0
sp|Q6ZNE5|BAKOR_HUMAN	A	i	i	0.98	0.01	0.0	0.0	0.01	0.0	0.0	0.0	0.0	0.0
sp|Q6ZNE5|BAKOR_HUMAN	Y	i	i	0.98	0.01	0.0	0.0	0.01	0.0	0.0	0.0	0.0	0.0
sp|Q6ZNE5|BAKOR_HUMAN	Y	i	i	0.98	0.01	0.0	0.0	0.01	0.0	0.0	0.0	0.0	0.0
sp|Q6ZNE5|BAKOR_HUMAN	S	i	i	0.98	0.01	0.0	0.0	0.01	0.0	0.0	0.0	0.0	0.0
sp|Q6ZNE5|BAKOR_HUMAN	W	i	i	0.98	0.01	0.0	0.0	0.01	0.0	0.0	0.0	0.0	0.0
sp|Q6ZNE5|BAKOR_HUMAN	V	i	i	0.98	0.01	0.0	0.0	0.01	0.0	0.0	0.0	0.0	0.0
sp|Q6ZNE5|BAKOR_HUMAN	E	i	i	0.98	0.01	0.0	0.0	0.01	0.0	0.0	0.0	0.0	0.0
sp|Q6ZNE5|BAKOR_HUMAN	E	i	i	0.98	0.01	0.0	0.0	0.01	0.0	0.0	0.0	0.0	0.0
sp|Q6ZNE5|BAKOR_HUMAN	K	i	i	0.98	0.01	0.0	0.0	0.01	0.0	0.0	0.0	0.0	0.0
sp|Q6ZNE5|BAKOR_HUMAN	K	i	i	0.98	0.01	0.0	0.0	0.01	0.0	0.0	0.0	0.0	0.0
sp|Q6ZNE5|BAKOR_HUMAN	T	i	i	0.98	0.01	0.0	0.0	0.01	0.0	0.0	0.0	0.0	0.0
sp|Q6ZNE5|BAKOR_HUMAN	T	i	i	0.98	0.01	0.0	0.0	0.01	0.0	0.0	0.0	0.0	0.0
sp|Q6ZNE5|BAKOR_HUMAN	Q	i	i	0.98	0.01	0.0	0.0	0.01	0.0	0.0	0.0	0.0	0.0
sp|Q6ZNE5|BAKOR_HUMAN	G	i	i	0.98	0.01	0.0	0.0	0.01	0.0	0.0	0.0	0.0	0.0
sp|Q6ZNE5|BAKOR_HUMAN	P	i	i	0.98	0.01	0.0	0.0	0.01	0.0	0.0	0.0	0.0	0.0
sp|Q6ZNE5|BAKOR_HUMAN	D	i	i	0.98	0.01	0.0	0.0	0.01	0.0	0.0	0.0	0.0	0.0
sp|Q6ZNE5|BAKOR_HUMAN	M	i	i	0.98	0.01	0.0	0.0	0.01	0.0	0.0	0.0	0.0	0.0
sp|Q6ZNE5|BAKOR_HUMAN	E	i	i	0.98	0.01	0.0	0.0	0.01	0.0	0.0	0.0	0.0	0.0
sp|Q6ZNE5|BAKOR_HUMAN	Q	i	i	0.98	0.01	0.0	0.0	0.01	0.0	0.0	0.0	0.0	0.0
sp|Q6ZNE5|BAKOR_HUMAN	S	i	i	0.98	0.01	0.0	0.0	0.01	0.0	0.0	0.0	0.0	0.0
sp|Q6ZNE5|BAKOR_HUMAN	N	i	i	0.98	0.01	0.0	0.0	0.01	0.0	0.0	0.0	0.0	0.0
sp|Q6ZNE5|BAKOR_HUMAN	P	i	i	0.98	0.01	0.0	0.0	0.01	0.0	0.0	0.0	0.0	0.0
sp|Q6ZNE5|BAKOR_HUMAN	A	i	i	0.98	0.01	0.0	0.0	0.01	0.0	0.0	0.0	0.0	0.0
sp|Q6ZNE5|BAKOR_HUMAN	Y	i	i	0.98	0.01	0.0	0.0	0.01	0.0	0.0	0.0	0.0	0.0
sp|Q6ZNE5|BAKOR_HUMAN	T	i	i	0.98	0.01	0.0	0.0	0.01	0.0	0.0	0.0	0.0	0.0
sp|Q6ZNE5|BAKOR_HUMAN	I	i	i	0.98	0.01	0.0	0.0	0.01	0.0	0.0	0.0	0.0	0.0
sp|Q6ZNE5|BAKOR_HUMAN	S	i	i	0.98	0.01	0.0	0.0	0.01	0.0	0.0	0.0	0.0	0.0
sp|Q6ZNE5|BAKOR_HUMAN	A	i	i	0.98	0.01	0.0	0.0	0.01	0.0	0.0	0.0	0.0	0.0
sp|Q6ZNE5|BAKOR_HUMAN	A	i	i	0.98	0.01	0.0	0.0	0.01	0.0	0.0	0.0	0.0	0.0
sp|Q6ZNE5|BAKOR_HUMAN	L	i	i	0.98	0.01	0.0	0.0	0.01	0.0	0.0	0.0	0.0	0.0
sp|Q6ZNE5|BAKOR_HUMAN	C	i	i	0.98	0.01	0.0	0.0	0.01	0.0	0.0	0.0	0.0	0.0
sp|Q6ZNE5|BAKOR_HUMAN	Y	i	i	0.98	0.01	0.0	0.0	0.01	0.0	0.0	0.0	0.0	0.0
sp|Q6ZNE5|BAKOR_HUMAN	A	i	i	0.98	0.01	0.0	0.0	0.01	0.0	0.0	0.0	0.0	0.0
sp|Q6ZNE5|BAKOR_HUMAN	T	i	i	0.98	0.01	0.0	0.0	0.01	0.0	0.0	0.0	0.0	0.0
sp|Q6ZNE5|BAKOR_HUMAN	Q	i	i	0.98	0.01	0.0	0.0	0.01	0.0	0.0	0.0	0.0	0.0
sp|Q6ZNE5|BAKOR_HUMAN	L	i	i	0.98	0.01	0.0	0.0	0.01	0.0	0.0	0.0	0.0	0.0
sp|Q6ZNE5|BAKOR_HUMAN	V	i	i	0.98	0.01	0.0	0.0	0.01	0.0	0.0	0.0	0.0	0.0
sp|Q6ZNE5|BAKOR_HUMAN	N	i	i	0.98	0.01	0.0	0.0	0.01	0.0	0.0	0.0	0.0	0.0
sp|Q6ZNE5|BAKOR_HUMAN	I	i	i	0.98	0.01	0.0	0.0	0.01	0.0	0.0	0.0	0.0	0.0
sp|Q6ZNE5|BAKOR_HUMAN	L	i	i	0.98	0.01	0.0	0.0	0.01	0.0	0.0	0.0	0.0	0.0
sp|Q6ZNE5|BAKOR_HUMAN	S	i	i	0.98	0.01	0.0	0.0	0.01	0.0	0.0	0.0	0.0	0.0
sp|Q6ZNE5|BAKOR_HUMAN	H	i	i	0.98	0.01	0.0	0.0	0.01	0.0	0.0	0.0	0.0	0.0
sp|Q6ZNE5|BAKOR_HUMAN	I	i	i	0.98	0.01	0.0	0.0	0.01	0.0	0.0	0.0	0.0	0.0
sp|Q6ZNE5|BAKOR_HUMAN	L	i	i	0.98	0.01	0.0	0.0	0.01	0.0	0.0	0.0	0.0	0.0
sp|Q6ZNE5|BAKOR_HUMAN	D	i	i	0.98	0.01	0.0	0.0	0.01	0.0	0.0	0.0	0.0	0.0
sp|Q6ZNE5|BAKOR_HUMAN	V	i	i	0.98	0.01	0.0	0.0	0.01	0.0	0.0	0.0	0.0	0.0
sp|Q6ZNE5|BAKOR_HUMAN	N	i	i	0.98	0.01	0.0	0.0	0.01	0.0	0.0	0.0	0.0	0.0
sp|Q6ZNE5|BAKOR_HUMAN	L	i	i	0.98	0.01	0.0	0.0	0.01	0.0	0.0	0.0	0.0	0.0
sp|Q6ZNE5|BAKOR_HUMAN	P	i	i	0.98	0.01	0.0	0.0	0.01	0.0	0.0	0.0	0.0	0.0
sp|Q6ZNE5|BAKOR_HUMAN	K	i	i	0.98	0.01	0.0	0.0	0.01	0.0	0.0	0.0	0.0	0.0
sp|Q6ZNE5|BAKOR_HUMAN	K	i	i	0.98	0.01	0.0	0.0	0.01	0.0	0.0	0.0	0.0	0.0
sp|Q6ZNE5|BAKOR_HUMAN	L	i	i	0.98	0.01	0.0	0.0	0.01	0.0	0.0	0.0	0.0	0.0
sp|Q6ZNE5|BAKOR_HUMAN	C	i	i	0.98	0.01	0.0	0.0	0.01	0.0	0.0	0.0	0.0	0.0
sp|Q6ZNE5|BAKOR_HUMAN	N	i	i	0.98	0.01	0.0	0.0	0.01	0.0	0.0	0.0	0.0	0.0
sp|Q6ZNE5|BAKOR_HUMAN	S	i	i	0.98	0.01	0.0	0.0	0.01	0.0	0.0	0.0	0.0	0.0
sp|Q6ZNE5|BAKOR_HUMAN	E	i	i	0.98	0.01	0.0	0.0	0.01	0.0	0.0	0.0	0.0	0.0
sp|Q6ZNE5|BAKOR_HUMAN	F	i	i	0.98	0.01	0.0	0.0	0.01	0.0	0.0	0.0	0.0	0.0
sp|Q6ZNE5|BAKOR_HUMAN	C	i	i	0.98	0.01	0.0	0.0	0.01	0.0	0.0	0.0	0.0	0.0
sp|Q6ZNE5|BAKOR_HUMAN	G	i	i	0.98	0.01	0.0	0.0	0.01	0.0	0.0	0.0	0.0	0.0
sp|Q6ZNE5|BAKOR_HUMAN	E	i	i	0.98	0.01	0.0	0.0	0.01	0.0	0.0	0.0	0.0	0.0
sp|Q6ZNE5|BAKOR_HUMAN	N	i	i	0.98	0.01	0.0	0.0	0.01	0.0	0.0	0.0	0.0	0.0
sp|Q6ZNE5|BAKOR_HUMAN	L	i	i	0.98	0.01	0.0	0.0	0.01	0.0	0.0	0.0	0.0	0.0
sp|Q6ZNE5|BAKOR_HUMAN	S	i	i	0.98	0.01	0.0	0.0	0.01	0.0	0.0	0.0	0.0	0.0
sp|Q6ZNE5|BAKOR_HUMAN	K	i	i	0.98	0.01	0.0	0.0	0.01	0.0	0.0	0.0	0.0	0.0
sp|Q6ZNE5|BAKOR_HUMAN	Q	i	i	0.98	0.01	0.0	0.0	0.01	0.0	0.0	0.0	0.0	0.0
sp|Q6ZNE5|BAKOR_HUMAN	K	i	i	0.98	0.01	0.0	0.0	0.01	0.0	0.0	0.0	0.0	0.0
sp|Q6ZNE5|BAKOR_HUMAN	F	i	i	0.98	0.01	0.0	0.0	0.01	0.0	0.0	0.0	0.0	0.0
sp|Q6ZNE5|BAKOR_HUMAN	T	i	i	0.98	0.01	0.0	0.0	0.01	0.0	0.0	0.0	0.0	0.0
sp|Q6ZNE5|BAKOR_HUMAN	R	i	i	0.98	0.01	0.0	0.0	0.01	0.0	0.0	0.0	0.0	0.0
sp|Q6ZNE5|BAKOR_HUMAN	A	i	i	0.98	0.01	0.0	0.0	0.01	0.0	0.0	0.0	0.0	0.0
sp|Q6ZNE5|BAKOR_HUMAN	V	i	i	0.98	0.01	0.0	0.0	0.01	0.0	0.0	0.0	0.0	0.0
sp|Q6ZNE5|BAKOR_HUMAN	K	i	i	0.98	0.01	0.0	0.0	0.01	0.0	0.0	0.0	0.0	0.0
sp|Q6ZNE5|BAKOR_HUMAN	K	i	i	0.98	0.01	0.0	0.0	0.01	0.0	0.0	0.0	0.0	0.0
sp|Q6ZNE5|BAKOR_HUMAN	L	i	i	0.98	0.01	0.0	0.0	0.01	0.0	0.0	0.0	0.0	0.0
sp|Q6ZNE5|BAKOR_HUMAN	N	i	i	0.98	0.01	0.0	0.0	0.01	0.0	0.0	0.0	0.0	0.0
sp|Q6ZNE5|BAKOR_HUMAN	A	i	i	0.98	0.01	0.0	0.0	0.01	0.0	0.0	0.0	0.0	0.0
sp|Q6ZNE5|BAKOR_HUMAN	N	i	i	0.98	0.01	0.0	0.0	0.01	0.0	0.0	0.0	0.0	0.0
sp|Q6ZNE5|BAKOR_HUMAN	I	i	i	0.98	0.01	0.0	0.0	0.01	0.0	0.0	0.0	0.0	0.0
sp|Q6ZNE5|BAKOR_HUMAN	L	i	i	0.98	0.01	0.0	0.0	0.01	0.0	0.0	0.0	0.0	0.0
sp|Q6ZNE5|BAKOR_HUMAN	Y	i	i	0.98	0.01	0.0	0.0	0.01	0.0	0.0	0.0	0.0	0.0
sp|Q6ZNE5|BAKOR_HUMAN	L	i	i	0.98	0.01	0.0	0.0	0.01	0.0	0.0	0.0	0.0	0.0
sp|Q6ZNE5|BAKOR_HUMAN	C	i	i	0.98	0.01	0.0	0.0	0.01	0.0	0.0	0.0	0.0	0.0
sp|Q6ZNE5|BAKOR_HUMAN	F	i	i	0.98	0.01	0.0	0.0	0.01	0.0	0.0	0.0	0.0	0.0
sp|Q6ZNE5|BAKOR_HUMAN	S	i	i	0.98	0.01	0.0	0.0	0.01	0.0	0.0	0.0	0.0	0.0
sp|Q6ZNE5|BAKOR_HUMAN	Q	i	i	0.98	0.01	0.0	0.0	0.01	0.0	0.0	0.0	0.0	0.0
sp|Q6ZNE5|BAKOR_HUMAN	H	i	i	0.98	0.01	0.0	0.0	0.01	0.0	0.0	0.0	0.0	0.0
sp|Q6ZNE5|BAKOR_HUMAN	V	i	i	0.98	0.01	0.0	0.0	0.01	0.0	0.0	0.0	0.0	0.0
sp|Q6ZNE5|BAKOR_HUMAN	N	i	i	0.98	0.01	0.0	0.0	0.01	0.0	0.0	0.0	0.0	0.0
sp|Q6ZNE5|BAKOR_HUMAN	L	i	i	0.98	0.01	0.0	0.0	0.01	0.0	0.0	0.0	0.0	0.0
sp|Q6ZNE5|BAKOR_HUMAN	D	i	i	0.98	0.01	0.0	0.0	0.01	0.0	0.0	0.0	0.0	0.0
sp|Q6ZNE5|BAKOR_HUMAN	Q	i	i	0.98	0.01	0.0	0.0	0.01	0.0	0.0	0.0	0.0	0.0
sp|Q6ZNE5|BAKOR_HUMAN	L	i	i	0.98	0.01	0.0	0.0	0.01	0.0	0.0	0.0	0.0	0.0
sp|Q6ZNE5|BAKOR_HUMAN	Q	i	i	0.98	0.01	0.0	0.0	0.01	0.0	0.0	0.0	0.0	0.0
sp|Q6ZNE5|BAKOR_HUMAN	P	i	i	0.98	0.01	0.0	0.0	0.01	0.0	0.0	0.0	0.0	0.0
sp|Q6ZNE5|BAKOR_HUMAN	L	i	i	0.98	0.01	0.0	0.0	0.01	0.0	0.0	0.0	0.0	0.0
sp|Q6ZNE5|BAKOR_HUMAN	H	i	i	0.98	0.01	0.0	0.0	0.01	0.0	0.0	0.0	0.0	0.0
sp|Q6ZNE5|BAKOR_HUMAN	T	i	i	0.98	0.01	0.0	0.0	0.01	0.0	0.0	0.0	0.0	0.0
sp|Q6ZNE5|BAKOR_HUMAN	L	i	i	0.98	0.01	0.0	0.0	0.01	0.0	0.0	0.0	0.0	0.0
sp|Q6ZNE5|BAKOR_HUMAN	R	i	i	0.98	0.01	0.0	0.0	0.01	0.0	0.0	0.0	0.0	0.0
sp|Q6ZNE5|BAKOR_HUMAN	N	i	i	0.98	0.01	0.0	0.0	0.01	0.0	0.0	0.0	0.0	0.0
sp|Q6ZNE5|BAKOR_HUMAN	L	i	i	0.98	0.01	0.0	0.0	0.01	0.0	0.0	0.0	0.0	0.0
sp|Q6ZNE5|BAKOR_HUMAN	M	i	i	0.98	0.01	0.0	0.0	0.01	0.0	0.0	0.0	0.0	0.0
sp|Q6ZNE5|BAKOR_HUMAN	Y	i	i	0.98	0.01	0.0	0.0	0.01	0.0	0.0	0.0	0.0	0.0
sp|Q6ZNE5|BAKOR_HUMAN	L	i	i	0.98	0.01	0.0	0.0	0.01	0.0	0.0	0.0	0.0	0.0
sp|Q6ZNE5|BAKOR_HUMAN	V	i	i	0.98	0.01	0.0	0.0	0.01	0.0	0.0	0.0	0.0	0.0
sp|Q6ZNE5|BAKOR_HUMAN	S	i	i	0.98	0.01	0.0	0.0	0.01	0.0	0.0	0.0	0.0	0.0
sp|Q6ZNE5|BAKOR_HUMAN	P	i	i	0.98	0.01	0.0	0.0	0.01	0.0	0.0	0.0	0.0	0.0
sp|Q6ZNE5|BAKOR_HUMAN	S	i	i	0.98	0.01	0.0	0.0	0.01	0.0	0.0	0.0	0.0	0.0
sp|Q6ZNE5|BAKOR_HUMAN	S	i	i	0.98	0.01	0.0	0.0	0.01	0.0	0.0	0.0	0.0	0.0
sp|Q6ZNE5|BAKOR_HUMAN	E	i	i	0.98	0.01	0.0	0.0	0.01	0.0	0.0	0.0	0.0	0.0
sp|Q6ZNE5|BAKOR_HUMAN	H	i	i	0.98	0.01	0.0	0.0	0.01	0.0	0.0	0.0	0.0	0.0
sp|Q6ZNE5|BAKOR_HUMAN	L	i	i	0.98	0.01	0.0	0.0	0.01	0.0	0.0	0.0	0.0	0.0
sp|Q6ZNE5|BAKOR_HUMAN	G	i	i	0.98	0.01	0.0	0.0	0.01	0.0	0.0	0.0	0.0	0.0
sp|Q6ZNE5|BAKOR_HUMAN	R	i	i	0.98	0.01	0.0	0.0	0.01	0.0	0.0	0.0	0.0	0.0
sp|Q6ZNE5|BAKOR_HUMAN	S	i	i	0.98	0.01	0.0	0.0	0.01	0.0	0.0	0.0	0.0	0.0
sp|Q6ZNE5|BAKOR_HUMAN	G	i	i	0.98	0.01	0.0	0.0	0.01	0.0	0.0	0.0	0.0	0.0
sp|Q6ZNE5|BAKOR_HUMAN	P	i	i	0.98	0.01	0.0	0.0	0.01	0.0	0.0	0.0	0.0	0.0
sp|Q6ZNE5|BAKOR_HUMAN	F	i	i	0.98	0.01	0.0	0.0	0.01	0.0	0.0	0.0	0.0	0.0
sp|Q6ZNE5|BAKOR_HUMAN	E	i	i	0.98	0.01	0.0	0.0	0.01	0.0	0.0	0.0	0.0	0.0
sp|Q6ZNE5|BAKOR_HUMAN	V	i	i	0.98	0.01	0.0	0.0	0.01	0.0	0.0	0.0	0.0	0.0
sp|Q6ZNE5|BAKOR_HUMAN	R	i	i	0.98	0.01	0.0	0.0	0.01	0.0	0.0	0.0	0.0	0.0
sp|Q6ZNE5|BAKOR_HUMAN	A	i	i	0.98	0.01	0.0	0.0	0.01	0.0	0.0	0.0	0.0	0.0
sp|Q6ZNE5|BAKOR_HUMAN	D	i	i	0.98	0.01	0.0	0.0	0.01	0.0	0.0	0.0	0.0	0.0
sp|Q6ZNE5|BAKOR_HUMAN	L	i	i	0.98	0.01	0.0	0.0	0.01	0.0	0.0	0.0	0.0	0.0
sp|Q6ZNE5|BAKOR_HUMAN	E	i	i	0.98	0.01	0.0	0.0	0.01	0.0	0.0	0.0	0.0	0.0
sp|Q6ZNE5|BAKOR_HUMAN	E	i	i	0.98	0.01	0.0	0.0	0.01	0.0	0.0	0.0	0.0	0.0
sp|Q6ZNE5|BAKOR_HUMAN	S	i	i	0.98	0.01	0.0	0.0	0.01	0.0	0.0	0.0	0.0	0.0
sp|Q6ZNE5|BAKOR_HUMAN	M	i	i	0.98	0.01	0.0	0.0	0.01	0.0	0.0	0.0	0.0	0.0
sp|Q6ZNE5|BAKOR_HUMAN	E	i	i	0.98	0.01	0.0	0.0	0.01	0.0	0.0	0.0	0.0	0.0
sp|Q6ZNE5|BAKOR_HUMAN	F	i	i	0.98	0.01	0.0	0.0	0.01	0.0	0.0	0.0	0.0	0.0
sp|Q6ZNE5|BAKOR_HUMAN	V	i	i	0.98	0.01	0.0	0.0	0.01	0.0	0.0	0.0	0.0	0.0
sp|Q6ZNE5|BAKOR_HUMAN	D	i	i	0.98	0.01	0.0	0.0	0.01	0.0	0.0	0.0	0.0	0.0
sp|Q6ZNE5|BAKOR_HUMAN	P	i	i	0.98	0.01	0.0	0.0	0.01	0.0	0.0	0.0	0.0	0.0
sp|Q6ZNE5|BAKOR_HUMAN	G	i	i	0.98	0.01	0.0	0.0	0.01	0.0	0.0	0.0	0.0	0.0
sp|Q6ZNE5|BAKOR_HUMAN	V	i	i	0.98	0.01	0.0	0.0	0.01	0.0	0.0	0.0	0.0	0.0
sp|Q6ZNE5|BAKOR_HUMAN	A	i	i	0.98	0.01	0.0	0.0	0.01	0.0	0.0	0.0	0.0	0.0
sp|Q6ZNE5|BAKOR_HUMAN	G	i	i	0.98	0.01	0.0	0.0	0.01	0.0	0.0	0.0	0.0	0.0
sp|Q6ZNE5|BAKOR_HUMAN	E	i	i	0.98	0.01	0.0	0.0	0.01	0.0	0.0	0.0	0.0	0.0
sp|Q6ZNE5|BAKOR_HUMAN	S	i	i	0.98	0.01	0.0	0.0	0.01	0.0	0.0	0.0	0.0	0.0
sp|Q6ZNE5|BAKOR_HUMAN	D	i	i	0.98	0.01	0.0	0.0	0.01	0.0	0.0	0.0	0.0	0.0
sp|Q6ZNE5|BAKOR_HUMAN	E	i	i	0.98	0.01	0.0	0.0	0.01	0.0	0.0	0.0	0.0	0.0
sp|Q6ZNE5|BAKOR_HUMAN	S	i	i	0.98	0.01	0.0	0.0	0.01	0.0	0.0	0.0	0.0	0.0
sp|Q6ZNE5|BAKOR_HUMAN	G	i	i	0.98	0.01	0.0	0.0	0.01	0.0	0.0	0.0	0.0	0.0
sp|Q6ZNE5|BAKOR_HUMAN	D	i	i	0.98	0.01	0.0	0.0	0.01	0.0	0.0	0.0	0.0	0.0
sp|Q6ZNE5|BAKOR_HUMAN	E	i	i	0.98	0.01	0.0	0.0	0.01	0.0	0.0	0.0	0.0	0.0
sp|Q6ZNE5|BAKOR_HUMAN	R	i	i	0.98	0.01	0.0	0.0	0.01	0.0	0.0	0.0	0.0	0.0
sp|Q6ZNE5|BAKOR_HUMAN	V	i	i	0.98	0.01	0.0	0.0	0.01	0.0	0.0	0.0	0.0	0.0
sp|Q6ZNE5|BAKOR_HUMAN	S	i	i	0.98	0.01	0.0	0.0	0.01	0.0	0.0	0.0	0.0	0.0
sp|Q6ZNE5|BAKOR_HUMAN	D	i	i	0.98	0.01	0.0	0.0	0.01	0.0	0.0	0.0	0.0	0.0
sp|Q6ZNE5|BAKOR_HUMAN	E	i	i	0.98	0.01	0.0	0.0	0.01	0.0	0.0	0.0	0.0	0.0
sp|Q6ZNE5|BAKOR_HUMAN	E	i	i	0.98	0.01	0.0	0.0	0.01	0.0	0.0	0.0	0.0	0.0
sp|Q6ZNE5|BAKOR_HUMAN	T	i	i	0.98	0.01	0.0	0.0	0.01	0.0	0.0	0.0	0.0	0.0
sp|Q6ZNE5|BAKOR_HUMAN	D	i	i	0.98	0.01	0.0	0.0	0.01	0.0	0.0	0.0	0.0	0.0
sp|Q6ZNE5|BAKOR_HUMAN	L	i	i	0.98	0.01	0.0	0.0	0.01	0.0	0.0	0.0	0.0	0.0
sp|Q6ZNE5|BAKOR_HUMAN	G	i	i	0.98	0.01	0.0	0.0	0.01	0.0	0.0	0.0	0.0	0.0
sp|Q6ZNE5|BAKOR_HUMAN	T	i	i	0.98	0.01	0.0	0.0	0.01	0.0	0.0	0.0	0.0	0.0
sp|Q6ZNE5|BAKOR_HUMAN	D	i	i	0.98	0.01	0.0	0.0	0.01	0.0	0.0	0.0	0.0	0.0
sp|Q6ZNE5|BAKOR_HUMAN	W	i	i	0.98	0.01	0.0	0.0	0.01	0.0	0.0	0.0	0.0	0.0
sp|Q6ZNE5|BAKOR_HUMAN	E	i	i	0.98	0.01	0.0	0.0	0.01	0.0	0.0	0.0	0.0	0.0
sp|Q6ZNE5|BAKOR_HUMAN	N	i	i	0.98	0.01	0.0	0.0	0.01	0.0	0.0	0.0	0.0	0.0
sp|Q6ZNE5|BAKOR_HUMAN	L	i	i	0.98	0.01	0.0	0.0	0.01	0.0	0.0	0.0	0.0	0.0
sp|Q6ZNE5|BAKOR_HUMAN	P	i	i	0.98	0.01	0.0	0.0	0.01	0.0	0.0	0.0	0.0	0.0
sp|Q6ZNE5|BAKOR_HUMAN	S	i	i	0.98	0.01	0.0	0.0	0.01	0.0	0.0	0.0	0.0	0.0
sp|Q6ZNE5|BAKOR_HUMAN	P	i	i	0.98	0.01	0.0	0.0	0.01	0.0	0.0	0.0	0.0	0.0
sp|Q6ZNE5|BAKOR_HUMAN	R	i	i	0.98	0.01	0.0	0.0	0.01	0.0	0.0	0.0	0.0	0.0
sp|Q6ZNE5|BAKOR_HUMAN	F	i	i	0.98	0.01	0.0	0.0	0.01	0.0	0.0	0.0	0.0	0.0
sp|Q6ZNE5|BAKOR_HUMAN	C	i	i	0.98	0.01	0.0	0.0	0.01	0.0	0.0	0.0	0.0	0.0
sp|Q6ZNE5|BAKOR_HUMAN	D	i	i	0.98	0.01	0.0	0.0	0.01	0.0	0.0	0.0	0.0	0.0
sp|Q6ZNE5|BAKOR_HUMAN	I	i	i	0.98	0.01	0.0	0.0	0.01	0.0	0.0	0.0	0.0	0.0
sp|Q6ZNE5|BAKOR_HUMAN	P	i	i	0.98	0.01	0.0	0.0	0.01	0.0	0.0	0.0	0.0	0.0
sp|Q6ZNE5|BAKOR_HUMAN	S	i	i	0.98	0.01	0.0	0.0	0.01	0.0	0.0	0.0	0.0	0.0
sp|Q6ZNE5|BAKOR_HUMAN	Q	i	i	0.98	0.01	0.0	0.0	0.01	0.0	0.0	0.0	0.0	0.0
sp|Q6ZNE5|BAKOR_HUMAN	S	i	i	0.98	0.01	0.0	0.0	0.01	0.0	0.0	0.0	0.0	0.0
sp|Q6ZNE5|BAKOR_HUMAN	V	i	i	0.98	0.01	0.0	0.0	0.01	0.0	0.0	0.0	0.0	0.0
sp|Q6ZNE5|BAKOR_HUMAN	E	i	i	0.98	0.01	0.0	0.0	0.01	0.0	0.0	0.0	0.0	0.0
sp|Q6ZNE5|BAKOR_HUMAN	V	i	i	0.98	0.01	0.0	0.0	0.01	0.0	0.0	0.0	0.0	0.0
sp|Q6ZNE5|BAKOR_HUMAN	S	i	i	0.98	0.01	0.0	0.0	0.01	0.0	0.0	0.0	0.0	0.0
sp|Q6ZNE5|BAKOR_HUMAN	Q	i	i	0.98	0.01	0.0	0.0	0.01	0.0	0.0	0.0	0.0	0.0
sp|Q6ZNE5|BAKOR_HUMAN	S	i	i	0.98	0.01	0.0	0.0	0.01	0.0	0.0	0.0	0.0	0.0
sp|Q6ZNE5|BAKOR_HUMAN	Q	i	i	0.98	0.01	0.0	0.0	0.01	0.0	0.0	0.0	0.0	0.0
sp|Q6ZNE5|BAKOR_HUMAN	S	i	i	0.98	0.01	0.0	0.0	0.01	0.0	0.0	0.0	0.0	0.0
sp|Q6ZNE5|BAKOR_HUMAN	T	i	i	0.98	0.01	0.0	0.0	0.01	0.0	0.0	0.0	0.0	0.0
sp|Q6ZNE5|BAKOR_HUMAN	Q	i	i	0.98	0.01	0.0	0.0	0.01	0.0	0.0	0.0	0.0	0.0
sp|Q6ZNE5|BAKOR_HUMAN	A	i	i	0.98	0.01	0.0	0.0	0.01	0.0	0.0	0.0	0.0	0.0
sp|Q6ZNE5|BAKOR_HUMAN	S	i	i	0.98	0.01	0.0	0.0	0.01	0.0	0.0	0.0	0.0	0.0
sp|Q6ZNE5|BAKOR_HUMAN	P	i	i	0.98	0.01	0.0	0.0	0.01	0.0	0.0	0.0	0.0	0.0
sp|Q6ZNE5|BAKOR_HUMAN	P	i	i	0.98	0.01	0.0	0.0	0.01	0.0	0.0	0.0	0.0	0.0
sp|Q6ZNE5|BAKOR_HUMAN	I	i	i	0.98	0.01	0.0	0.0	0.01	0.0	0.0	0.0	0.0	0.0
sp|Q6ZNE5|BAKOR_HUMAN	A	i	i	0.98	0.01	0.0	0.0	0.01	0.0	0.0	0.0	0.0	0.0
sp|Q6ZNE5|BAKOR_HUMAN	S	i	i	0.98	0.01	0.0	0.0	0.01	0.0	0.0	0.0	0.0	0.0
sp|Q6ZNE5|BAKOR_HUMAN	S	i	i	0.98	0.01	0.0	0.0	0.01	0.0	0.0	0.0	0.0	0.0
sp|Q6ZNE5|BAKOR_HUMAN	S	i	i	0.98	0.01	0.0	0.0	0.01	0.0	0.0	0.0	0.0	0.0
sp|Q6ZNE5|BAKOR_HUMAN	A	i	i	0.98	0.01	0.0	0.0	0.01	0.0	0.0	0.0	0.0	0.0
sp|Q6ZNE5|BAKOR_HUMAN	G	i	i	0.98	0.01	0.0	0.0	0.01	0.0	0.0	0.0	0.0	0.0
sp|Q6ZNE5|BAKOR_HUMAN	G	i	i	0.98	0.01	0.0	0.0	0.01	0.0	0.0	0.0	0.0	0.0
sp|Q6ZNE5|BAKOR_HUMAN	M	i	i	0.98	0.01	0.0	0.0	0.01	0.0	0.0	0.0	0.0	0.0
sp|Q6ZNE5|BAKOR_HUMAN	I	i	i	0.98	0.01	0.0	0.0	0.01	0.0	0.0	0.0	0.0	0.0
sp|Q6ZNE5|BAKOR_HUMAN	S	i	i	0.98	0.01	0.0	0.0	0.01	0.0	0.0	0.0	0.0	0.0
sp|Q6ZNE5|BAKOR_HUMAN	S	i	i	0.98	0.01	0.0	0.0	0.01	0.0	0.0	0.0	0.0	0.0
sp|Q6ZNE5|BAKOR_HUMAN	A	i	i	0.98	0.01	0.0	0.0	0.01	0.0	0.0	0.0	0.0	0.0
sp|Q6ZNE5|BAKOR_HUMAN	A	i	i	0.98	0.01	0.0	0.0	0.01	0.0	0.0	0.0	0.0	0.0
sp|Q6ZNE5|BAKOR_HUMAN	A	i	i	0.98	0.01	0.0	0.0	0.01	0.0	0.0	0.0	0.0	0.0
sp|Q6ZNE5|BAKOR_HUMAN	S	i	i	0.98	0.01	0.0	0.0	0.01	0.0	0.0	0.0	0.0	0.0
sp|Q6ZNE5|BAKOR_HUMAN	V	i	i	0.98	0.01	0.0	0.0	0.01	0.0	0.0	0.0	0.0	0.0
sp|Q6ZNE5|BAKOR_HUMAN	T	i	i	0.98	0.01	0.0	0.0	0.01	0.0	0.0	0.0	0.0	0.0
sp|Q6ZNE5|BAKOR_HUMAN	S	i	i	0.98	0.01	0.0	0.0	0.01	0.0	0.0	0.0	0.0	0.0
sp|Q6ZNE5|BAKOR_HUMAN	W	i	i	0.98	0.01	0.0	0.0	0.01	0.0	0.0	0.0	0.0	0.0
sp|Q6ZNE5|BAKOR_HUMAN	F	i	i	0.98	0.01	0.0	0.0	0.01	0.0	0.0	0.0	0.0	0.0
sp|Q6ZNE5|BAKOR_HUMAN	K	i	i	0.98	0.01	0.0	0.0	0.01	0.0	0.0	0.0	0.0	0.0
sp|Q6ZNE5|BAKOR_HUMAN	A	i	i	0.99	0.0	0.0	0.0	0.0	0.0	0.0	0.0	0.0	0.0
sp|Q6ZNE5|BAKOR_HUMAN	Y	i	i	0.99	0.0	0.0	0.0	0.0	0.0	0.0	0.0	0.0	0.0
sp|Q6ZNE5|BAKOR_HUMAN	T	i	i	0.98	0.0	0.0	0.0	0.0	0.0	0.0	0.0	0.0	0.0
sp|Q6ZNE5|BAKOR_HUMAN	G	i	i	0.97	0.01	0.01	0.0	0.01	0.0	0.0	0.0	0.0	0.0
sp|Q6ZNE5|BAKOR_HUMAN	H	i	i	0.91	0.03	0.01	0.01	0.02	0.01	0.0	0.01	0.0	0.0
sp|Q6ZNE5|BAKOR_HUMAN	R	i	i	0.55	0.11	0.07	0.05	0.09	0.05	0.04	0.04	0.0	0.0
